#!/usr/bin/env python
import numpy as np
import panda_dynamics_model as pdm


real_gravity = [8.67362e-19, -4.14998, -0.693731, 21.9218, 0.766074, 2.22101, -0.000190586]

real_coriolis = [-3.98075e-07, 7.73628e-07, -1.38181e-06, -5.45257e-07, -8.05058e-08, -8.32079e-08, 2.99725e-09]

real_mass = [0.506628, -0.00543282, 0.479781, -0.00300871, 0.0528311, -0.000380415, -0.00286905,
             -0.00543282, 1.53384, -0.022214, -0.678682, -0.00757954, -0.0331639, -0.000861654,
             0.479781, -0.022214, 0.957882, -0.0146307, 0.0609327, 0.000844684, -0.00335544,
             -0.00300871, -0.678682, -0.0146307, 0.944275, 0.0207204, 0.118718, 0.00116303,
             0.0528311, -0.00757954, 0.0609327, 0.0207204, 0.0228922, -0.0015439, 0.00207413,
             -0.000380415, -0.0331639, 0.000844684, 0.118718, -0.0015439, 0.0443797, 0.00125056,
             -0.00286905, -0.000861654, -0.00335544, 0.00116303, 0.00207413, 0.00125056, 0.00296161]

real_q = [-0.000546071, -0.778419, -0.000422365, -2.36798, -0.000332312, 1.57151, 0.785138]

sys_id_gravity = pdm.get_gravity_vector(real_q)
sys_id_coriolis = pdm.get_coriolis_matrix(real_q, [0, 0, 0, 0, 0, 0, 0])
print(sys_id_coriolis)


